         0
    0.8415
    0.9093
    0.1411
   -0.7568
   -0.9589
   -0.2794
    0.6570
    0.9894
    0.4121
   -0.5440
   -1.0000
   -0.5366
    0.4202
    0.9906
    0.6503
   -0.2879
   -0.9614
   -0.7510
    0.1499
    0.9129
    0.8367
   -0.0089
   -0.8462
   -0.9056
   -0.1324
    0.7626
    0.9564
    0.2709
   -0.6636
   -0.9880
   -0.4040
    0.5514
    0.9999
    0.5291
   -0.4282
   -0.9918
   -0.6435
    0.2964
    0.9638
    0.7451
   -0.1586
   -0.9165
   -0.8318
    0.0177
    0.8509
    0.9018
    0.1236
   -0.7683
   -0.9538
   -0.2624
    0.6702
    0.9866
    0.3959
   -0.5588
   -0.9998
   -0.5216
    0.4362
    0.9929
    0.6367
   -0.3048
   -0.9661
   -0.7392
    0.1674
    0.9200
    0.8268
   -0.0266
   -0.8555
   -0.8979
   -0.1148
    0.7739
    0.9511
    0.2538
   -0.6768
   -0.9851
   -0.3878
    0.5661
    0.9995
    0.5140
   -0.4441
   -0.9939
   -0.6299
    0.3132
    0.9684
    0.7332
   -0.1761
   -0.9235
   -0.8218
    0.0354
    0.8601
    0.8940
    0.1060
   -0.7795
   -0.9483
   -0.2453
    0.6833
    0.9836
    0.3796
   -0.5734
   -0.9992
   -0.5064
