         0
    0.6442
    0.9854
    0.8632
    0.3350
   -0.3508
   -0.8716
   -0.9825
   -0.6313
    0.0168
    0.6570
    0.9882
    0.8546
    0.3191
   -0.3665
   -0.8797
   -0.9792
   -0.6181
    0.0336
    0.6696
    0.9906
    0.8457
    0.3031
   -0.3821
   -0.8876
   -0.9756
   -0.6048
    0.0504
    0.6820
    0.9928
    0.8367
    0.2871
   -0.3976
   -0.8952
   -0.9718
   -0.5914
    0.0672
    0.6942
    0.9946
    0.8273
    0.2709
   -0.4129
   -0.9026
   -0.9677
   -0.5777
    0.0840
    0.7062
    0.9962
    0.8178
    0.2547
   -0.4282
   -0.9097
   -0.9633
   -0.5639
    0.1007
    0.7180
    0.9976
    0.8080
    0.2384
   -0.4433
   -0.9165
   -0.9587
   -0.5499
    0.1174
    0.7296
    0.9986
    0.7980
    0.2220
   -0.4583
   -0.9231
   -0.9538
   -0.5358
    0.1341
    0.7410
    0.9993
    0.7877
    0.2056
   -0.4732
   -0.9295
   -0.9486
   -0.5216
    0.1508
    0.7522
    0.9998
    0.7772
    0.1891
   -0.4879
   -0.9355
   -0.9431
   -0.5071
    0.1674
    0.7631
    1.0000
    0.7665
    0.1726
   -0.5026
   -0.9413
   -0.9374
   -0.4926
    0.1839
    0.7739
