         0
    0.4794
    0.8415
    0.9975
    0.9093
    0.5985
    0.1411
   -0.3508
   -0.7568
   -0.9775
   -0.9589
   -0.7055
   -0.2794
    0.2151
    0.6570
    0.9380
    0.9894
    0.7985
    0.4121
   -0.0752
   -0.5440
   -0.8797
   -1.0000
   -0.8755
   -0.5366
   -0.0663
    0.4202
    0.8038
    0.9906
    0.9349
    0.6503
    0.2065
   -0.2879
   -0.7118
   -0.9614
   -0.9756
   -0.7510
   -0.3425
    0.1499
    0.6055
    0.9129
    0.9968
    0.8367
    0.4716
   -0.0089
   -0.4872
   -0.8462
   -0.9981
   -0.9056
   -0.5914
   -0.1324
    0.3591
    0.7626
    0.9794
    0.9564
    0.6992
    0.2709
   -0.2238
   -0.6636
   -0.9410
   -0.9880
   -0.7931
   -0.4040
    0.0840
    0.5514
    0.8839
    0.9999
    0.8711
    0.5291
    0.0575
   -0.4282
   -0.8090
   -0.9918
   -0.9317
   -0.6435
   -0.1978
    0.2964
    0.7180
    0.9638
    0.9736
    0.7451
    0.3342
   -0.1586
   -0.6126
   -0.9165
   -0.9961
   -0.8318
   -0.4638
    0.0177
    0.4949
    0.8509
    0.9986
    0.9018
    0.5842
    0.1236
   -0.3673
   -0.7683
   -0.9811
   -0.9538
   -0.6929
   -0.2624
