         0
    0.2955
    0.5646
    0.7833
    0.9320
    0.9975
    0.9738
    0.8632
    0.6755
    0.4274
    0.1411
   -0.1577
   -0.4425
   -0.6878
   -0.8716
   -0.9775
   -0.9962
   -0.9258
   -0.7728
   -0.5507
   -0.2794
    0.0168
    0.3115
    0.5784
    0.7937
    0.9380
    0.9985
    0.9699
    0.8546
    0.6630
    0.4121
    0.1245
   -0.1743
   -0.4575
   -0.6999
   -0.8797
   -0.9809
   -0.9946
   -0.9193
   -0.7620
   -0.5366
   -0.2632
    0.0336
    0.3275
    0.5921
    0.8038
    0.9437
    0.9993
    0.9657
    0.8457
    0.6503
    0.3967
    0.1078
   -0.1909
   -0.4724
   -0.7118
   -0.8876
   -0.9841
   -0.9927
   -0.9126
   -0.7510
   -0.5223
   -0.2470
    0.0504
    0.3433
    0.6055
    0.8137
    0.9491
    0.9998
    0.9612
    0.8367
    0.6374
    0.3813
    0.0910
   -0.2073
   -0.4872
   -0.7235
   -0.8952
   -0.9869
   -0.9905
   -0.9056
   -0.7398
   -0.5079
   -0.2306
    0.0672
    0.3591
    0.6188
    0.8233
    0.9543
    1.0000
    0.9564
    0.8273
    0.6244
    0.3657
    0.0743
   -0.2238
   -0.5018
   -0.7350
   -0.9026
   -0.9895
   -0.9880
