    1.0000
    0.5403
   -0.4161
   -0.9900
   -0.6536
    0.2837
    0.9602
    0.7539
   -0.1455
   -0.9111
   -0.8391
    0.0044
    0.8439
    0.9074
    0.1367
   -0.7597
   -0.9577
   -0.2752
    0.6603
    0.9887
    0.4081
   -0.5477
   -1.0000
   -0.5328
    0.4242
    0.9912
    0.6469
   -0.2921
   -0.9626
   -0.7481
    0.1543
    0.9147
    0.8342
   -0.0133
   -0.8486
   -0.9037
   -0.1280
    0.7654
    0.9551
    0.2666
   -0.6669
   -0.9873
   -0.4000
    0.5551
    0.9998
    0.5253
   -0.4322
   -0.9923
   -0.6401
    0.3006
    0.9650
    0.7422
   -0.1630
   -0.9183
   -0.8293
    0.0221
    0.8532
    0.8999
    0.1192
   -0.7711
   -0.9524
   -0.2581
    0.6735
    0.9859
    0.3919
   -0.5625
   -0.9996
   -0.5178
    0.4401
    0.9934
    0.6333
   -0.3090
   -0.9673
   -0.7362
    0.1717
    0.9218
    0.8243
   -0.0310
   -0.8578
   -0.8960
   -0.1104
    0.7767
    0.9497
    0.2495
   -0.6800
   -0.9844
   -0.3837
    0.5698
    0.9994
    0.5102
   -0.4481
   -0.9944
   -0.6264
    0.3174
    0.9695
    0.7302
   -0.1804
   -0.9251
   -0.8193
    0.0398
    0.8623
