    1.0000
    0.7648
    0.1700
   -0.5048
   -0.9422
   -0.9365
   -0.4903
    0.1865
    0.7756
    0.9999
    0.7539
    0.1534
   -0.5193
   -0.9477
   -0.9304
   -0.4755
    0.2030
    0.7861
    0.9994
    0.7427
    0.1367
   -0.5336
   -0.9530
   -0.9241
   -0.4607
    0.2194
    0.7964
    0.9987
    0.7314
    0.1201
   -0.5477
   -0.9579
   -0.9176
   -0.4457
    0.2358
    0.8064
    0.9977
    0.7198
    0.1034
   -0.5617
   -0.9626
   -0.9108
   -0.4306
    0.2521
    0.8162
    0.9965
    0.7080
    0.0866
   -0.5756
   -0.9670
   -0.9037
   -0.4153
    0.2684
    0.8258
    0.9949
    0.6961
    0.0699
   -0.5892
   -0.9712
   -0.8964
   -0.4000
    0.2845
    0.8352
    0.9931
    0.6839
    0.0531
   -0.6027
   -0.9750
   -0.8888
   -0.3845
    0.3006
    0.8443
    0.9910
    0.6715
    0.0363
   -0.6161
   -0.9786
   -0.8810
   -0.3689
    0.3166
    0.8532
    0.9886
    0.6590
    0.0195
   -0.6292
   -0.9820
   -0.8729
   -0.3533
    0.3325
    0.8619
    0.9859
    0.6462
    0.0026
   -0.6422
   -0.9850
   -0.8645
   -0.3375
    0.3483
    0.8703
    0.9829
    0.6333
