    1.0000
    0.8776
    0.5403
    0.0707
   -0.4161
   -0.8011
   -0.9900
   -0.9365
   -0.6536
   -0.2108
    0.2837
    0.7087
    0.9602
    0.9766
    0.7539
    0.3466
   -0.1455
   -0.6020
   -0.9111
   -0.9972
   -0.8391
   -0.4755
    0.0044
    0.4833
    0.8439
    0.9978
    0.9074
    0.5949
    0.1367
   -0.3549
   -0.7597
   -0.9785
   -0.9577
   -0.7024
   -0.2752
    0.2194
    0.6603
    0.9395
    0.9887
    0.7958
    0.4081
   -0.0796
   -0.5477
   -0.8818
   -1.0000
   -0.8733
   -0.5328
   -0.0619
    0.4242
    0.8064
    0.9912
    0.9333
    0.6469
    0.2021
   -0.2921
   -0.7149
   -0.9626
   -0.9746
   -0.7481
   -0.3383
    0.1543
    0.6091
    0.9147
    0.9965
    0.8342
    0.4677
   -0.0133
   -0.4910
   -0.8486
   -0.9983
   -0.9037
   -0.5878
   -0.1280
    0.3632
    0.7654
    0.9802
    0.9551
    0.6961
    0.2666
   -0.2281
   -0.6669
   -0.9425
   -0.9873
   -0.7904
   -0.4000
    0.0884
    0.5551
    0.8859
    0.9998
    0.8690
    0.5253
    0.0531
   -0.4322
   -0.8116
   -0.9923
   -0.9301
   -0.6401
   -0.1935
    0.3006
    0.7210
    0.9650
