    1.0000
    0.9553
    0.8253
    0.6216
    0.3624
    0.0707
   -0.2272
   -0.5048
   -0.7374
   -0.9041
   -0.9900
   -0.9875
   -0.8968
   -0.7259
   -0.4903
   -0.2108
    0.0875
    0.3780
    0.6347
    0.8347
    0.9602
    0.9999
    0.9502
    0.8157
    0.6084
    0.3466
    0.0540
   -0.2435
   -0.5193
   -0.7486
   -0.9111
   -0.9922
   -0.9847
   -0.8892
   -0.7143
   -0.4755
   -0.1943
    0.1042
    0.3935
    0.6476
    0.8439
    0.9647
    0.9994
    0.9449
    0.8059
    0.5949
    0.3308
    0.0372
   -0.2598
   -0.5336
   -0.7597
   -0.9179
   -0.9942
   -0.9816
   -0.8814
   -0.7024
   -0.4607
   -0.1778
    0.1209
    0.4089
    0.6603
    0.8528
    0.9690
    0.9987
    0.9392
    0.7958
    0.5813
    0.3149
    0.0204
   -0.2760
   -0.5477
   -0.7705
   -0.9245
   -0.9958
   -0.9783
   -0.8733
   -0.6903
   -0.4457
   -0.1612
    0.1376
    0.4242
    0.6729
    0.8614
    0.9730
    0.9977
    0.9333
    0.7855
    0.5676
    0.2989
    0.0035
   -0.2921
   -0.5617
   -0.7811
   -0.9308
   -0.9972
   -0.9746
   -0.8650
   -0.6781
   -0.4306
   -0.1446
    0.1543
